-0.000000000000000000e+00
2.628798194739608851e-01
2.628798194739608851e-01
1.051529150663021328e+00
2.628798194739608851e-01
1.051529150663021328e+00
1.051529150663021328e+00
2.365961474449126190e+00
2.628798194739609406e-01
1.051529150663021550e+00
1.051529150663021550e+00
2.365961474449126190e+00
1.051529150663021550e+00
2.365961474449126190e+00
2.365961474449126190e+00
4.206188635273998777e+00
2.628798194739609406e-01
1.051529150663021772e+00
1.051529150663021772e+00
2.365961474449126190e+00
1.051529150663021550e+00
2.365961474449126190e+00
2.365961474449126190e+00
4.206188635273999665e+00
1.051529150663021550e+00
2.365961474449126190e+00
2.365961474449126190e+00
4.206188635273998777e+00
2.365961474449126190e+00
4.206188635273998777e+00
4.206188635273998777e+00
6.572220997541650789e+00
2.628798194739609406e-01
1.051529150663021772e+00
1.051529150663021772e+00
2.365961474449126190e+00
1.051529150663021550e+00
2.365961474449125745e+00
2.365961474449125745e+00
4.206188635273999665e+00
1.051529150663021550e+00
2.365961474449125745e+00
2.365961474449125745e+00
4.206188635273999665e+00
2.365961474449125745e+00
4.206188635273999665e+00
4.206188635273999665e+00
6.572220997541650789e+00
1.051529150663021550e+00
2.365961474449125745e+00
2.365961474449125745e+00
4.206188635273999665e+00
2.365961474449126190e+00
4.206188635273999665e+00
4.206188635273999665e+00
6.572220997541649901e+00
2.365961474449126190e+00
4.206188635273999665e+00
4.206188635273999665e+00
6.572220997541650789e+00
4.206188635273999665e+00
6.572220997541650789e+00
6.572220997541650789e+00
9.464067588785592733e+00
2.628798194739609406e-01
1.051529150663021772e+00
1.051529150663021772e+00
2.365961474449126190e+00
1.051529150663021772e+00
2.365961474449125745e+00
2.365961474449125745e+00
4.206188635274000553e+00
1.051529150663021772e+00
2.365961474449125745e+00
2.365961474449125745e+00
4.206188635273999665e+00
2.365961474449125745e+00
4.206188635273999665e+00
4.206188635273999665e+00
6.572220997541649901e+00
1.051529150663021772e+00
2.365961474449125745e+00
2.365961474449125745e+00
4.206188635274000553e+00
2.365961474449125745e+00
4.206188635274000553e+00
4.206188635274000553e+00
6.572220997541648124e+00
2.365961474449125745e+00
4.206188635273999665e+00
4.206188635273999665e+00
6.572220997541649901e+00
4.206188635273999665e+00
6.572220997541649901e+00
6.572220997541649901e+00
9.464067588785592733e+00
1.051529150663021772e+00
2.365961474449125745e+00
2.365961474449125745e+00
4.206188635273999665e+00
2.365961474449125745e+00
4.206188635273999665e+00
4.206188635273999665e+00
6.572220997541649901e+00
2.365961474449125745e+00
4.206188635273999665e+00
4.206188635273999665e+00
6.572220997541649901e+00
4.206188635273999665e+00
6.572220997541649901e+00
6.572220997541649901e+00
9.464067588785592733e+00
2.365961474449125745e+00
4.206188635273999665e+00
4.206188635273999665e+00
6.572220997541649901e+00
4.206188635273999665e+00
6.572220997541649901e+00
6.572220997541649901e+00
9.464067588785592733e+00
4.206188635273999665e+00
6.572220997541649901e+00
6.572220997541649901e+00
9.464067588785594509e+00
6.572220997541649901e+00
9.464067588785594509e+00
9.464067588785594509e+00
1.288173632264695279e+01
-0.000000000000000000e+00
2.629040297764482781e-01
2.629040297764482781e-01
1.051617662111663076e+00
2.629040297764482226e-01
1.051617662111663076e+00
1.051617662111663076e+00
2.366143105137271441e+00
2.629040297764482226e-01
1.051617662111663076e+00
1.051617662111663076e+00
2.366143105137272329e+00
1.051617662111663298e+00
2.366143105137272329e+00
2.366143105137272329e+00
4.206482430247071136e+00
2.629040297764482226e-01
1.051617662111663076e+00
1.051617662111663076e+00
2.366143105137272773e+00
1.051617662111663076e+00
2.366143105137272329e+00
2.366143105137272329e+00
4.206482430247071136e+00
1.051617662111663076e+00
2.366143105137272329e+00
2.366143105137272329e+00
4.206482430247071136e+00
2.366143105137272329e+00
4.206482430247071136e+00
4.206482430247071136e+00
6.572637578257467084e+00
2.629040297764482226e-01
1.051617662111663076e+00
1.051617662111663076e+00
2.366143105137272773e+00
1.051617662111663298e+00
2.366143105137271885e+00
2.366143105137271885e+00
4.206482430247071136e+00
1.051617662111663298e+00
2.366143105137271885e+00
2.366143105137271885e+00
4.206482430247071136e+00
2.366143105137271885e+00
4.206482430247071136e+00
4.206482430247071136e+00
6.572637578257467972e+00
1.051617662111663298e+00
2.366143105137271885e+00
2.366143105137271885e+00
4.206482430247071136e+00
2.366143105137272329e+00
4.206482430247071136e+00
4.206482430247071136e+00
6.572637578257467972e+00
2.366143105137272329e+00
4.206482430247071136e+00
4.206482430247071136e+00
6.572637578257467972e+00
4.206482430247071136e+00
6.572637578257467972e+00
6.572637578257467972e+00
9.464610365323633090e+00
2.629040297764482226e-01
1.051617662111663076e+00
1.051617662111663076e+00
2.366143105137272329e+00
1.051617662111663298e+00
2.366143105137271885e+00
2.366143105137271885e+00
4.206482430247071136e+00
1.051617662111663298e+00
2.366143105137271885e+00
2.366143105137271885e+00
4.206482430247071136e+00
2.366143105137271885e+00
4.206482430247071136e+00
4.206482430247071136e+00
6.572637578257467084e+00
1.051617662111663298e+00
2.366143105137271885e+00
2.366143105137271885e+00
4.206482430247071136e+00
2.366143105137272329e+00
4.206482430247071136e+00
4.206482430247071136e+00
6.572637578257469748e+00
2.366143105137272329e+00
4.206482430247071136e+00
4.206482430247071136e+00
6.572637578257467084e+00
4.206482430247071136e+00
6.572637578257467084e+00
6.572637578257467084e+00
9.464610365323633090e+00
1.051617662111663076e+00
2.366143105137271885e+00
2.366143105137271885e+00
4.206482430247071136e+00
2.366143105137272329e+00
4.206482430247071136e+00
4.206482430247071136e+00
6.572637578257467972e+00
2.366143105137272329e+00
4.206482430247071136e+00
4.206482430247071136e+00
6.572637578257467084e+00
4.206482430247071136e+00
6.572637578257467084e+00
6.572637578257467084e+00
9.464610365323633090e+00
2.366143105137272329e+00
4.206482430247071136e+00
4.206482430247071136e+00
6.572637578257467084e+00
4.206482430247071136e+00
6.572637578257467084e+00
6.572637578257467084e+00
9.464610365323633090e+00
4.206482430247071136e+00
6.572637578257467084e+00
6.572637578257467084e+00
9.464610365323633090e+00
6.572637578257467084e+00
9.464610365323633090e+00
9.464610365323633090e+00
1.288240250205822868e+01
-0.000000000000000000e+00
2.629089714668772504e-01
2.629089714668772504e-01
1.051636411881696542e+00
2.629089714668771949e-01
1.051636411881696542e+00
1.051636411881696542e+00
2.366183082745592969e+00
2.629089714668771949e-01
1.051636411881696542e+00
1.051636411881696542e+00
2.366183082745592969e+00
1.051636411881696542e+00
2.366183082745592969e+00
2.366183082745592969e+00
4.206549709730358799e+00
2.629089714668771394e-01
1.051636411881696542e+00
1.051636411881696542e+00
2.366183082745592969e+00
1.051636411881696542e+00
2.366183082745592969e+00
2.366183082745592969e+00
4.206549709730358799e+00
1.051636411881696764e+00
2.366183082745593413e+00
2.366183082745593413e+00
4.206549709730358799e+00
2.366183082745593413e+00
4.206549709730358799e+00
4.206549709730358799e+00
6.572736983734539074e+00
2.629089714668771394e-01
1.051636411881696542e+00
1.051636411881696542e+00
2.366183082745592969e+00
1.051636411881696542e+00
2.366183082745592969e+00
2.366183082745592969e+00
4.206549709730358799e+00
1.051636411881696542e+00
2.366183082745593413e+00
2.366183082745593413e+00
4.206549709730358799e+00
2.366183082745593413e+00
4.206549709730358799e+00
4.206549709730358799e+00
6.572736983734539074e+00
1.051636411881696542e+00
2.366183082745593413e+00
2.366183082745593413e+00
4.206549709730358799e+00
2.366183082745593413e+00
4.206549709730358799e+00
4.206549709730358799e+00
6.572736983734539074e+00
2.366183082745593413e+00
4.206549709730358799e+00
4.206549709730358799e+00
6.572736983734539074e+00
4.206549709730358799e+00
6.572736983734539074e+00
6.572736983734539074e+00
9.464745561912936367e+00
2.629089714668771394e-01
1.051636411881696542e+00
1.051636411881696542e+00
2.366183082745593413e+00
1.051636411881696542e+00
2.366183082745593413e+00
2.366183082745593413e+00
4.206549709730358799e+00
1.051636411881696764e+00
2.366183082745593413e+00
2.366183082745593413e+00
4.206549709730358799e+00
2.366183082745593413e+00
4.206549709730358799e+00
4.206549709730358799e+00
6.572736983734539074e+00
1.051636411881696764e+00
2.366183082745593413e+00
2.366183082745593413e+00
4.206549709730358799e+00
2.366183082745593413e+00
4.206549709730358799e+00
4.206549709730358799e+00
6.572736983734539074e+00
2.366183082745593413e+00
4.206549709730358799e+00
4.206549709730358799e+00
6.572736983734539074e+00
4.206549709730358799e+00
6.572736983734539074e+00
6.572736983734539074e+00
9.464745561912936367e+00
1.051636411881696764e+00
2.366183082745593413e+00
2.366183082745593413e+00
4.206549709730358799e+00
2.366183082745593413e+00
4.206549709730358799e+00
4.206549709730358799e+00
6.572736983734539074e+00
2.366183082745593413e+00
4.206549709730357911e+00
4.206549709730357911e+00
6.572736983734539074e+00
4.206549709730357911e+00
6.572736983734539074e+00
6.572736983734539074e+00
9.464745561912936367e+00
2.366183082745593413e+00
4.206549709730357911e+00
4.206549709730357911e+00
6.572736983734539074e+00
4.206549709730357911e+00
6.572736983734539074e+00
6.572736983734539074e+00
9.464745561912936367e+00
4.206549709730357911e+00
6.572736983734539074e+00
6.572736983734539074e+00
9.464745561912936367e+00
6.572736983734539074e+00
9.464745561912936367e+00
9.464745561912936367e+00
1.288257607156509721e+01
-0.000000000000000000e+00
2.629110354068199262e-01
2.629110354068199262e-01
1.051644357725096235e+00
2.629110354068199262e-01
1.051644357725096235e+00
1.051644357725096235e+00
2.366200280230057462e+00
2.629110354068198707e-01
1.051644357725096679e+00
1.051644357725096679e+00
2.366200280230058794e+00
1.051644357725096679e+00
2.366200280230058794e+00
2.366200280230058794e+00
4.206579101955528088e+00
2.629110354068198707e-01
1.051644357725096679e+00
1.051644357725096679e+00
2.366200280230058794e+00
1.051644357725096679e+00
2.366200280230058794e+00
2.366200280230058794e+00
4.206579101955528088e+00
1.051644357725096679e+00
2.366200280230058794e+00
2.366200280230058794e+00
4.206579101955528088e+00
2.366200280230058794e+00
4.206579101955528088e+00
4.206579101955528088e+00
6.572781108005784745e+00
2.629110354068198707e-01
1.051644357725096679e+00
1.051644357725096679e+00
2.366200280230058794e+00
1.051644357725096679e+00
2.366200280230058794e+00
2.366200280230058794e+00
4.206579101955528088e+00
1.051644357725096679e+00
2.366200280230058794e+00
2.366200280230058794e+00
4.206579101955528088e+00
2.366200280230058794e+00
4.206579101955528088e+00
4.206579101955528088e+00
6.572781108005784745e+00
1.051644357725096679e+00
2.366200280230058794e+00
2.366200280230058794e+00
4.206579101955528088e+00
2.366200280230058794e+00
4.206579101955528088e+00
4.206579101955528088e+00
6.572781108005784745e+00
2.366200280230058794e+00
4.206579101955528088e+00
4.206579101955528088e+00
6.572781108005784745e+00
4.206579101955528088e+00
6.572781108005784745e+00
6.572781108005784745e+00
9.464806569862179941e+00
2.629110354068198707e-01
1.051644357725096679e+00
1.051644357725096679e+00
2.366200280230058794e+00
1.051644357725096679e+00
2.366200280230058794e+00
2.366200280230058794e+00
4.206579101955528088e+00
1.051644357725096679e+00
2.366200280230058794e+00
2.366200280230058794e+00
4.206579101955528088e+00
2.366200280230058794e+00
4.206579101955528088e+00
4.206579101955528088e+00
6.572781108005784745e+00
1.051644357725096679e+00
2.366200280230058794e+00
2.366200280230058794e+00
4.206579101955528088e+00
2.366200280230058794e+00
4.206579101955528088e+00
4.206579101955528088e+00
6.572781108005784745e+00
2.366200280230058794e+00
4.206579101955528088e+00
4.206579101955528088e+00
6.572781108005784745e+00
4.206579101955528088e+00
6.572781108005784745e+00
6.572781108005784745e+00
9.464806569862179941e+00
1.051644357725096679e+00
2.366200280230058794e+00
2.366200280230058794e+00
4.206579101955528088e+00
2.366200280230058794e+00
4.206579101955528088e+00
4.206579101955528088e+00
6.572781108005784745e+00
2.366200280230058794e+00
4.206579101955528088e+00
4.206579101955528088e+00
6.572781108005784745e+00
4.206579101955528088e+00
6.572781108005784745e+00
6.572781108005784745e+00
9.464806569862179941e+00
2.366200280230058794e+00
4.206579101955528088e+00
4.206579101955528088e+00
6.572781108005784745e+00
4.206579101955528088e+00
6.572781108005784745e+00
6.572781108005784745e+00
9.464806569862179941e+00
4.206579101955528088e+00
6.572781108005784745e+00
6.572781108005784745e+00
9.464806569862179941e+00
6.572781108005784745e+00
9.464806569862179941e+00
9.464806569862179941e+00
1.288265574568231919e+01
-0.000000000000000000e+00
2.629121600750657373e-01
2.629121600750657373e-01
1.051648722781713285e+00
2.629121600750657373e-01
1.051648722781713063e+00
1.051648722781713063e+00
2.366209806487683753e+00
2.629121600750657373e-01
1.051648722781713063e+00
1.051648722781713063e+00
2.366209806487683753e+00
1.051648722781713063e+00
2.366209806487683753e+00
2.366209806487683753e+00
4.206595522521078934e+00
2.629121600750657373e-01
1.051648722781713063e+00
1.051648722781713063e+00
2.366209806487683753e+00
1.051648722781713063e+00
2.366209806487683753e+00
2.366209806487683753e+00
4.206595522521078934e+00
1.051648722781713063e+00
2.366209806487683753e+00
2.366209806487683753e+00
4.206595522521078934e+00
2.366209806487683753e+00
4.206595522521078934e+00
4.206595522521078934e+00
6.572805975292905778e+00
2.629121600750657373e-01
1.051648722781712841e+00
1.051648722781712841e+00
2.366209806487683753e+00
1.051648722781713063e+00
2.366209806487683753e+00
2.366209806487683753e+00
4.206595522521078934e+00
1.051648722781713063e+00
2.366209806487683753e+00
2.366209806487683753e+00
4.206595522521078934e+00
2.366209806487683753e+00
4.206595522521078934e+00
4.206595522521078934e+00
6.572805975292905778e+00
1.051648722781713063e+00
2.366209806487683753e+00
2.366209806487683753e+00
4.206595522521078934e+00
2.366209806487683753e+00
4.206595522521078934e+00
4.206595522521078934e+00
6.572805975292905778e+00
2.366209806487683753e+00
4.206595522521078934e+00
4.206595522521078934e+00
6.572805975292905778e+00
4.206595522521078934e+00
6.572805975292905778e+00
6.572805975292905778e+00
9.464841262418527634e+00
2.629121600750657373e-01
1.051648722781712841e+00
1.051648722781712841e+00
2.366209806487683753e+00
1.051648722781712841e+00
2.366209806487683753e+00
2.366209806487683753e+00
4.206595522521078934e+00
1.051648722781712841e+00
2.366209806487683753e+00
2.366209806487683753e+00
4.206595522521078934e+00
2.366209806487683753e+00
4.206595522521078934e+00
4.206595522521078934e+00
6.572805975292904002e+00
1.051648722781712841e+00
2.366209806487683753e+00
2.366209806487683753e+00
4.206595522521078934e+00
2.366209806487683753e+00
4.206595522521078934e+00
4.206595522521078934e+00
6.572805975292904002e+00
2.366209806487683753e+00
4.206595522521078934e+00
4.206595522521078934e+00
6.572805975292904002e+00
4.206595522521078934e+00
6.572805975292904002e+00
6.572805975292904002e+00
9.464841262418527634e+00
1.051648722781712841e+00
2.366209806487683753e+00
2.366209806487683753e+00
4.206595522521078934e+00
2.366209806487683753e+00
4.206595522521078934e+00
4.206595522521078934e+00
6.572805975292904002e+00
2.366209806487683753e+00
4.206595522521078934e+00
4.206595522521078934e+00
6.572805975292904002e+00
4.206595522521078934e+00
6.572805975292904002e+00
6.572805975292904002e+00
9.464841262418527634e+00
2.366209806487683753e+00
4.206595522521078934e+00
4.206595522521078934e+00
6.572805975292904002e+00
4.206595522521078934e+00
6.572805975292904002e+00
6.572805975292904002e+00
9.464841262418527634e+00
4.206595522521078934e+00
6.572805975292904002e+00
6.572805975292904002e+00
9.464841262418527634e+00
6.572805975292904002e+00
9.464841262418527634e+00
9.464841262418527634e+00
1.288270147483576622e+01
-0.000000000000000000e+00
2.629128658458895762e-01
2.629128658458895762e-01
1.051651476374285021e+00
2.629128658458895762e-01
1.051651476374285021e+00
1.051651476374285021e+00
2.366215848050955195e+00
2.629128658458896317e-01
1.051651476374285021e+00
1.051651476374285021e+00
2.366215848050956083e+00
1.051651476374285243e+00
2.366215848050956083e+00
2.366215848050956083e+00
4.206605993361256068e+00
2.629128658458896317e-01
1.051651476374285021e+00
1.051651476374285021e+00
2.366215848050955195e+00
1.051651476374285243e+00
2.366215848050955195e+00
2.366215848050955195e+00
4.206605993361257845e+00
1.051651476374285243e+00
2.366215848050956083e+00
2.366215848050956083e+00
4.206605993361256068e+00
2.366215848050956083e+00
4.206605993361256068e+00
4.206605993361256068e+00
6.572821920867593981e+00
2.629128658458896317e-01
1.051651476374285021e+00
1.051651476374285021e+00
2.366215848050956083e+00
1.051651476374285243e+00
2.366215848050956083e+00
2.366215848050956083e+00
4.206605993361257845e+00
1.051651476374285243e+00
2.366215848050956083e+00
2.366215848050956083e+00
4.206605993361257845e+00
2.366215848050956083e+00
4.206605993361257845e+00
4.206605993361257845e+00
6.572821920867593981e+00
1.051651476374285243e+00
2.366215848050956083e+00
2.366215848050956083e+00
4.206605993361257845e+00
2.366215848050956083e+00
4.206605993361257845e+00
4.206605993361257845e+00
6.572821920867593981e+00
2.366215848050956083e+00
4.206605993361257845e+00
4.206605993361257845e+00
6.572821920867593981e+00
4.206605993361257845e+00
6.572821920867593981e+00
6.572821920867593981e+00
9.464863635266910435e+00
2.629128658458896317e-01
1.051651476374285021e+00
1.051651476374285021e+00
2.366215848050956083e+00
1.051651476374285243e+00
2.366215848050956083e+00
2.366215848050956083e+00
4.206605993361257845e+00
1.051651476374285243e+00
2.366215848050956527e+00
2.366215848050956527e+00
4.206605993361257845e+00
2.366215848050956527e+00
4.206605993361257845e+00
4.206605993361257845e+00
6.572821920867593981e+00
1.051651476374285243e+00
2.366215848050956527e+00
2.366215848050956527e+00
4.206605993361257845e+00
2.366215848050956527e+00
4.206605993361257845e+00
4.206605993361257845e+00
6.572821920867593093e+00
2.366215848050956527e+00
4.206605993361257845e+00
4.206605993361257845e+00
6.572821920867593981e+00
4.206605993361257845e+00
6.572821920867593981e+00
6.572821920867593981e+00
9.464863635266910435e+00
1.051651476374285243e+00
2.366215848050956527e+00
2.366215848050956527e+00
4.206605993361257845e+00
2.366215848050956527e+00
4.206605993361257845e+00
4.206605993361257845e+00
6.572821920867593981e+00
2.366215848050956527e+00
4.206605993361257845e+00
4.206605993361257845e+00
6.572821920867593981e+00
4.206605993361257845e+00
6.572821920867593981e+00
6.572821920867593981e+00
9.464863635266910435e+00
2.366215848050956527e+00
4.206605993361257845e+00
4.206605993361257845e+00
6.572821920867593981e+00
4.206605993361257845e+00
6.572821920867593981e+00
6.572821920867593981e+00
9.464863635266910435e+00
4.206605993361257845e+00
6.572821920867593981e+00
6.572821920867593981e+00
9.464863635266910435e+00
6.572821920867593981e+00
9.464863635266910435e+00
9.464863635266910435e+00
1.288273113744596721e+01
-0.000000000000000000e+00
2.629133493998486171e-01
2.629133493998486171e-01
1.051653369907576741e+00
2.629133493998486171e-01
1.051653369907576741e+00
1.051653369907576741e+00
2.366220018117672463e+00
2.629133493998486726e-01
1.051653369907576518e+00
1.051653369907576518e+00
2.366220018117672019e+00
1.051653369907576518e+00
2.366220018117672463e+00
2.366220018117672463e+00
4.206613248158932450e+00
2.629133493998486726e-01
1.051653369907576296e+00
1.051653369907576296e+00
2.366220018117672019e+00
1.051653369907576518e+00
2.366220018117672019e+00
2.366220018117672019e+00
4.206613248158932450e+00
1.051653369907576518e+00
2.366220018117672019e+00
2.366220018117672019e+00
4.206613248158932450e+00
2.366220018117672019e+00
4.206613248158932450e+00
4.206613248158932450e+00
6.572833011724814156e+00
2.629133493998486726e-01
1.051653369907576296e+00
1.051653369907576296e+00
2.366220018117672463e+00
1.051653369907576518e+00
2.366220018117672463e+00
2.366220018117672463e+00
4.206613248158932450e+00
1.051653369907576518e+00
2.366220018117672463e+00
2.366220018117672463e+00
4.206613248158932450e+00
2.366220018117672463e+00
4.206613248158932450e+00
4.206613248158932450e+00
6.572833011724814156e+00
1.051653369907576518e+00
2.366220018117672463e+00
2.366220018117672463e+00
4.206613248158932450e+00
2.366220018117672463e+00
4.206613248158932450e+00
4.206613248158932450e+00
6.572833011724814156e+00
2.366220018117672463e+00
4.206613248158932450e+00
4.206613248158932450e+00
6.572833011724814156e+00
4.206613248158932450e+00
6.572833011724814156e+00
6.572833011724814156e+00
9.464879258104268445e+00
2.629133493998486726e-01
1.051653369907576296e+00
1.051653369907576296e+00
2.366220018117672463e+00
1.051653369907576296e+00
2.366220018117672463e+00
2.366220018117672463e+00
4.206613248158932450e+00
1.051653369907576296e+00
2.366220018117672463e+00
2.366220018117672463e+00
4.206613248158932450e+00
2.366220018117672463e+00
4.206613248158932450e+00
4.206613248158932450e+00
6.572833011724814156e+00
1.051653369907576296e+00
2.366220018117672463e+00
2.366220018117672463e+00
4.206613248158932450e+00
2.366220018117672463e+00
4.206613248158932450e+00
4.206613248158932450e+00
6.572833011724814156e+00
2.366220018117672463e+00
4.206613248158932450e+00
4.206613248158932450e+00
6.572833011724814156e+00
4.206613248158932450e+00
6.572833011724814156e+00
6.572833011724814156e+00
9.464879258104268445e+00
1.051653369907576296e+00
2.366220018117672463e+00
2.366220018117672463e+00
4.206613248158932450e+00
2.366220018117672463e+00
4.206613248158932450e+00
4.206613248158932450e+00
6.572833011724814156e+00
2.366220018117672463e+00
4.206613248158932450e+00
4.206613248158932450e+00
6.572833011724814156e+00
4.206613248158932450e+00
6.572833011724814156e+00
6.572833011724814156e+00
9.464879258104268445e+00
2.366220018117672463e+00
4.206613248158932450e+00
4.206613248158932450e+00
6.572833011724814156e+00
4.206613248158932450e+00
6.572833011724814156e+00
6.572833011724814156e+00
9.464879258104268445e+00
4.206613248158932450e+00
6.572833011724814156e+00
6.572833011724814156e+00
9.464879258104268445e+00
6.572833011724814156e+00
9.464879258104268445e+00
9.464879258104268445e+00
1.288275193421067755e+01
